bandwidth=0.219927
log_quota=0.000000
quota=702.426
